{
 "cells": [
  {
   "cell_type": "code",
   "execution_count": 1,
   "metadata": {},
   "outputs": [],
   "source": [
    "import pandas as pd\n",
    "import numpy as np\n",
    "import matplotlib\n",
    "import matplotlib.pyplot as plt"
   ]
  },
  {
   "cell_type": "code",
   "execution_count": 2,
   "metadata": {},
   "outputs": [],
   "source": [
    "plt.style.use('seaborn-whitegrid')\n",
    "plt.rc('figure', figsize=(10, 6))"
   ]
  },
  {
   "cell_type": "code",
   "execution_count": 3,
   "metadata": {},
   "outputs": [],
   "source": [
    "googc = pd.read_csv('./GOOG.csv')"
   ]
  },
  {
   "cell_type": "code",
   "execution_count": 4,
   "metadata": {},
   "outputs": [
    {
     "data": {
      "text/html": [
       "<div>\n",
       "<style scoped>\n",
       "    .dataframe tbody tr th:only-of-type {\n",
       "        vertical-align: middle;\n",
       "    }\n",
       "\n",
       "    .dataframe tbody tr th {\n",
       "        vertical-align: top;\n",
       "    }\n",
       "\n",
       "    .dataframe thead th {\n",
       "        text-align: right;\n",
       "    }\n",
       "</style>\n",
       "<table border=\"1\" class=\"dataframe\">\n",
       "  <thead>\n",
       "    <tr style=\"text-align: right;\">\n",
       "      <th></th>\n",
       "      <th>date</th>\n",
       "      <th>volume</th>\n",
       "      <th>open</th>\n",
       "      <th>close</th>\n",
       "      <th>high</th>\n",
       "      <th>low</th>\n",
       "      <th>adjclose</th>\n",
       "    </tr>\n",
       "  </thead>\n",
       "  <tbody>\n",
       "    <tr>\n",
       "      <td>0</td>\n",
       "      <td>2019-04-18</td>\n",
       "      <td>1331800</td>\n",
       "      <td>1239.180054</td>\n",
       "      <td>1236.369995</td>\n",
       "      <td>1242.000000</td>\n",
       "      <td>1234.609985</td>\n",
       "      <td>1236.369995</td>\n",
       "    </tr>\n",
       "    <tr>\n",
       "      <td>1</td>\n",
       "      <td>2019-04-17</td>\n",
       "      <td>1221900</td>\n",
       "      <td>1233.000000</td>\n",
       "      <td>1236.339966</td>\n",
       "      <td>1240.560059</td>\n",
       "      <td>1227.819946</td>\n",
       "      <td>1236.339966</td>\n",
       "    </tr>\n",
       "    <tr>\n",
       "      <td>2</td>\n",
       "      <td>2019-04-16</td>\n",
       "      <td>856300</td>\n",
       "      <td>1225.000000</td>\n",
       "      <td>1227.130005</td>\n",
       "      <td>1230.819946</td>\n",
       "      <td>1220.119995</td>\n",
       "      <td>1227.130005</td>\n",
       "    </tr>\n",
       "    <tr>\n",
       "      <td>3</td>\n",
       "      <td>2019-04-15</td>\n",
       "      <td>1187400</td>\n",
       "      <td>1218.000000</td>\n",
       "      <td>1221.099976</td>\n",
       "      <td>1224.199951</td>\n",
       "      <td>1209.109985</td>\n",
       "      <td>1221.099976</td>\n",
       "    </tr>\n",
       "    <tr>\n",
       "      <td>4</td>\n",
       "      <td>2019-04-12</td>\n",
       "      <td>933400</td>\n",
       "      <td>1210.000000</td>\n",
       "      <td>1217.869995</td>\n",
       "      <td>1218.349976</td>\n",
       "      <td>1208.109985</td>\n",
       "      <td>1217.869995</td>\n",
       "    </tr>\n",
       "    <tr>\n",
       "      <td>...</td>\n",
       "      <td>...</td>\n",
       "      <td>...</td>\n",
       "      <td>...</td>\n",
       "      <td>...</td>\n",
       "      <td>...</td>\n",
       "      <td>...</td>\n",
       "      <td>...</td>\n",
       "    </tr>\n",
       "    <tr>\n",
       "      <td>3687</td>\n",
       "      <td>2004-08-25</td>\n",
       "      <td>9257400</td>\n",
       "      <td>52.140873</td>\n",
       "      <td>52.657513</td>\n",
       "      <td>53.651051</td>\n",
       "      <td>51.604362</td>\n",
       "      <td>52.657513</td>\n",
       "    </tr>\n",
       "    <tr>\n",
       "      <td>3688</td>\n",
       "      <td>2004-08-24</td>\n",
       "      <td>15361800</td>\n",
       "      <td>55.260582</td>\n",
       "      <td>52.096165</td>\n",
       "      <td>55.439419</td>\n",
       "      <td>51.450363</td>\n",
       "      <td>52.096165</td>\n",
       "    </tr>\n",
       "    <tr>\n",
       "      <td>3689</td>\n",
       "      <td>2004-08-23</td>\n",
       "      <td>18393200</td>\n",
       "      <td>55.017166</td>\n",
       "      <td>54.346527</td>\n",
       "      <td>56.373344</td>\n",
       "      <td>54.172661</td>\n",
       "      <td>54.346527</td>\n",
       "    </tr>\n",
       "    <tr>\n",
       "      <td>3690</td>\n",
       "      <td>2004-08-20</td>\n",
       "      <td>23005800</td>\n",
       "      <td>50.178635</td>\n",
       "      <td>53.805050</td>\n",
       "      <td>54.187561</td>\n",
       "      <td>49.925285</td>\n",
       "      <td>53.805050</td>\n",
       "    </tr>\n",
       "    <tr>\n",
       "      <td>3691</td>\n",
       "      <td>2004-08-19</td>\n",
       "      <td>44994500</td>\n",
       "      <td>49.676899</td>\n",
       "      <td>49.845802</td>\n",
       "      <td>51.693783</td>\n",
       "      <td>47.669952</td>\n",
       "      <td>49.845802</td>\n",
       "    </tr>\n",
       "  </tbody>\n",
       "</table>\n",
       "<p>3692 rows × 7 columns</p>\n",
       "</div>"
      ],
      "text/plain": [
       "            date    volume         open        close         high  \\\n",
       "0     2019-04-18   1331800  1239.180054  1236.369995  1242.000000   \n",
       "1     2019-04-17   1221900  1233.000000  1236.339966  1240.560059   \n",
       "2     2019-04-16    856300  1225.000000  1227.130005  1230.819946   \n",
       "3     2019-04-15   1187400  1218.000000  1221.099976  1224.199951   \n",
       "4     2019-04-12    933400  1210.000000  1217.869995  1218.349976   \n",
       "...          ...       ...          ...          ...          ...   \n",
       "3687  2004-08-25   9257400    52.140873    52.657513    53.651051   \n",
       "3688  2004-08-24  15361800    55.260582    52.096165    55.439419   \n",
       "3689  2004-08-23  18393200    55.017166    54.346527    56.373344   \n",
       "3690  2004-08-20  23005800    50.178635    53.805050    54.187561   \n",
       "3691  2004-08-19  44994500    49.676899    49.845802    51.693783   \n",
       "\n",
       "              low     adjclose  \n",
       "0     1234.609985  1236.369995  \n",
       "1     1227.819946  1236.339966  \n",
       "2     1220.119995  1227.130005  \n",
       "3     1209.109985  1221.099976  \n",
       "4     1208.109985  1217.869995  \n",
       "...           ...          ...  \n",
       "3687    51.604362    52.657513  \n",
       "3688    51.450363    52.096165  \n",
       "3689    54.172661    54.346527  \n",
       "3690    49.925285    53.805050  \n",
       "3691    47.669952    49.845802  \n",
       "\n",
       "[3692 rows x 7 columns]"
      ]
     },
     "execution_count": 4,
     "metadata": {},
     "output_type": "execute_result"
    }
   ],
   "source": [
    "googc"
   ]
  },
  {
   "cell_type": "code",
   "execution_count": 5,
   "metadata": {},
   "outputs": [
    {
     "name": "stdout",
     "output_type": "stream",
     "text": [
      "<class 'pandas.core.frame.DataFrame'>\n",
      "RangeIndex: 3692 entries, 0 to 3691\n",
      "Data columns (total 7 columns):\n",
      "date        3692 non-null object\n",
      "volume      3692 non-null int64\n",
      "open        3692 non-null float64\n",
      "close       3692 non-null float64\n",
      "high        3692 non-null float64\n",
      "low         3692 non-null float64\n",
      "adjclose    3692 non-null float64\n",
      "dtypes: float64(5), int64(1), object(1)\n",
      "memory usage: 202.0+ KB\n"
     ]
    }
   ],
   "source": [
    "googc.info()"
   ]
  },
  {
   "cell_type": "code",
   "execution_count": 6,
   "metadata": {},
   "outputs": [
    {
     "data": {
      "text/html": [
       "<div>\n",
       "<style scoped>\n",
       "    .dataframe tbody tr th:only-of-type {\n",
       "        vertical-align: middle;\n",
       "    }\n",
       "\n",
       "    .dataframe tbody tr th {\n",
       "        vertical-align: top;\n",
       "    }\n",
       "\n",
       "    .dataframe thead th {\n",
       "        text-align: right;\n",
       "    }\n",
       "</style>\n",
       "<table border=\"1\" class=\"dataframe\">\n",
       "  <thead>\n",
       "    <tr style=\"text-align: right;\">\n",
       "      <th></th>\n",
       "      <th>date</th>\n",
       "      <th>volume</th>\n",
       "      <th>open</th>\n",
       "      <th>close</th>\n",
       "      <th>high</th>\n",
       "      <th>low</th>\n",
       "      <th>adjclose</th>\n",
       "    </tr>\n",
       "  </thead>\n",
       "  <tbody>\n",
       "    <tr>\n",
       "      <td>3691</td>\n",
       "      <td>2004-08-19</td>\n",
       "      <td>44994500</td>\n",
       "      <td>49.676899</td>\n",
       "      <td>49.845802</td>\n",
       "      <td>51.693783</td>\n",
       "      <td>47.669952</td>\n",
       "      <td>49.845802</td>\n",
       "    </tr>\n",
       "    <tr>\n",
       "      <td>3690</td>\n",
       "      <td>2004-08-20</td>\n",
       "      <td>23005800</td>\n",
       "      <td>50.178635</td>\n",
       "      <td>53.805050</td>\n",
       "      <td>54.187561</td>\n",
       "      <td>49.925285</td>\n",
       "      <td>53.805050</td>\n",
       "    </tr>\n",
       "    <tr>\n",
       "      <td>3689</td>\n",
       "      <td>2004-08-23</td>\n",
       "      <td>18393200</td>\n",
       "      <td>55.017166</td>\n",
       "      <td>54.346527</td>\n",
       "      <td>56.373344</td>\n",
       "      <td>54.172661</td>\n",
       "      <td>54.346527</td>\n",
       "    </tr>\n",
       "    <tr>\n",
       "      <td>3688</td>\n",
       "      <td>2004-08-24</td>\n",
       "      <td>15361800</td>\n",
       "      <td>55.260582</td>\n",
       "      <td>52.096165</td>\n",
       "      <td>55.439419</td>\n",
       "      <td>51.450363</td>\n",
       "      <td>52.096165</td>\n",
       "    </tr>\n",
       "    <tr>\n",
       "      <td>3687</td>\n",
       "      <td>2004-08-25</td>\n",
       "      <td>9257400</td>\n",
       "      <td>52.140873</td>\n",
       "      <td>52.657513</td>\n",
       "      <td>53.651051</td>\n",
       "      <td>51.604362</td>\n",
       "      <td>52.657513</td>\n",
       "    </tr>\n",
       "    <tr>\n",
       "      <td>...</td>\n",
       "      <td>...</td>\n",
       "      <td>...</td>\n",
       "      <td>...</td>\n",
       "      <td>...</td>\n",
       "      <td>...</td>\n",
       "      <td>...</td>\n",
       "      <td>...</td>\n",
       "    </tr>\n",
       "    <tr>\n",
       "      <td>4</td>\n",
       "      <td>2019-04-12</td>\n",
       "      <td>933400</td>\n",
       "      <td>1210.000000</td>\n",
       "      <td>1217.869995</td>\n",
       "      <td>1218.349976</td>\n",
       "      <td>1208.109985</td>\n",
       "      <td>1217.869995</td>\n",
       "    </tr>\n",
       "    <tr>\n",
       "      <td>3</td>\n",
       "      <td>2019-04-15</td>\n",
       "      <td>1187400</td>\n",
       "      <td>1218.000000</td>\n",
       "      <td>1221.099976</td>\n",
       "      <td>1224.199951</td>\n",
       "      <td>1209.109985</td>\n",
       "      <td>1221.099976</td>\n",
       "    </tr>\n",
       "    <tr>\n",
       "      <td>2</td>\n",
       "      <td>2019-04-16</td>\n",
       "      <td>856300</td>\n",
       "      <td>1225.000000</td>\n",
       "      <td>1227.130005</td>\n",
       "      <td>1230.819946</td>\n",
       "      <td>1220.119995</td>\n",
       "      <td>1227.130005</td>\n",
       "    </tr>\n",
       "    <tr>\n",
       "      <td>1</td>\n",
       "      <td>2019-04-17</td>\n",
       "      <td>1221900</td>\n",
       "      <td>1233.000000</td>\n",
       "      <td>1236.339966</td>\n",
       "      <td>1240.560059</td>\n",
       "      <td>1227.819946</td>\n",
       "      <td>1236.339966</td>\n",
       "    </tr>\n",
       "    <tr>\n",
       "      <td>0</td>\n",
       "      <td>2019-04-18</td>\n",
       "      <td>1331800</td>\n",
       "      <td>1239.180054</td>\n",
       "      <td>1236.369995</td>\n",
       "      <td>1242.000000</td>\n",
       "      <td>1234.609985</td>\n",
       "      <td>1236.369995</td>\n",
       "    </tr>\n",
       "  </tbody>\n",
       "</table>\n",
       "<p>3692 rows × 7 columns</p>\n",
       "</div>"
      ],
      "text/plain": [
       "            date    volume         open        close         high  \\\n",
       "3691  2004-08-19  44994500    49.676899    49.845802    51.693783   \n",
       "3690  2004-08-20  23005800    50.178635    53.805050    54.187561   \n",
       "3689  2004-08-23  18393200    55.017166    54.346527    56.373344   \n",
       "3688  2004-08-24  15361800    55.260582    52.096165    55.439419   \n",
       "3687  2004-08-25   9257400    52.140873    52.657513    53.651051   \n",
       "...          ...       ...          ...          ...          ...   \n",
       "4     2019-04-12    933400  1210.000000  1217.869995  1218.349976   \n",
       "3     2019-04-15   1187400  1218.000000  1221.099976  1224.199951   \n",
       "2     2019-04-16    856300  1225.000000  1227.130005  1230.819946   \n",
       "1     2019-04-17   1221900  1233.000000  1236.339966  1240.560059   \n",
       "0     2019-04-18   1331800  1239.180054  1236.369995  1242.000000   \n",
       "\n",
       "              low     adjclose  \n",
       "3691    47.669952    49.845802  \n",
       "3690    49.925285    53.805050  \n",
       "3689    54.172661    54.346527  \n",
       "3688    51.450363    52.096165  \n",
       "3687    51.604362    52.657513  \n",
       "...           ...          ...  \n",
       "4     1208.109985  1217.869995  \n",
       "3     1209.109985  1221.099976  \n",
       "2     1220.119995  1227.130005  \n",
       "1     1227.819946  1236.339966  \n",
       "0     1234.609985  1236.369995  \n",
       "\n",
       "[3692 rows x 7 columns]"
      ]
     },
     "execution_count": 6,
     "metadata": {},
     "output_type": "execute_result"
    }
   ],
   "source": [
    "googc.sort_values(by=['date'])"
   ]
  },
  {
   "cell_type": "code",
   "execution_count": 7,
   "metadata": {},
   "outputs": [
    {
     "data": {
      "text/html": [
       "<div>\n",
       "<style scoped>\n",
       "    .dataframe tbody tr th:only-of-type {\n",
       "        vertical-align: middle;\n",
       "    }\n",
       "\n",
       "    .dataframe tbody tr th {\n",
       "        vertical-align: top;\n",
       "    }\n",
       "\n",
       "    .dataframe thead th {\n",
       "        text-align: right;\n",
       "    }\n",
       "</style>\n",
       "<table border=\"1\" class=\"dataframe\">\n",
       "  <thead>\n",
       "    <tr style=\"text-align: right;\">\n",
       "      <th></th>\n",
       "      <th>date</th>\n",
       "      <th>volume</th>\n",
       "      <th>open</th>\n",
       "      <th>close</th>\n",
       "      <th>high</th>\n",
       "      <th>low</th>\n",
       "      <th>adjclose</th>\n",
       "    </tr>\n",
       "  </thead>\n",
       "  <tbody>\n",
       "    <tr>\n",
       "      <td>0</td>\n",
       "      <td>2019-04-18</td>\n",
       "      <td>1331800</td>\n",
       "      <td>1239.180054</td>\n",
       "      <td>1236.369995</td>\n",
       "      <td>1242.000000</td>\n",
       "      <td>1234.609985</td>\n",
       "      <td>1236.369995</td>\n",
       "    </tr>\n",
       "    <tr>\n",
       "      <td>1</td>\n",
       "      <td>2019-04-17</td>\n",
       "      <td>1221900</td>\n",
       "      <td>1233.000000</td>\n",
       "      <td>1236.339966</td>\n",
       "      <td>1240.560059</td>\n",
       "      <td>1227.819946</td>\n",
       "      <td>1236.339966</td>\n",
       "    </tr>\n",
       "    <tr>\n",
       "      <td>2</td>\n",
       "      <td>2019-04-16</td>\n",
       "      <td>856300</td>\n",
       "      <td>1225.000000</td>\n",
       "      <td>1227.130005</td>\n",
       "      <td>1230.819946</td>\n",
       "      <td>1220.119995</td>\n",
       "      <td>1227.130005</td>\n",
       "    </tr>\n",
       "    <tr>\n",
       "      <td>3</td>\n",
       "      <td>2019-04-15</td>\n",
       "      <td>1187400</td>\n",
       "      <td>1218.000000</td>\n",
       "      <td>1221.099976</td>\n",
       "      <td>1224.199951</td>\n",
       "      <td>1209.109985</td>\n",
       "      <td>1221.099976</td>\n",
       "    </tr>\n",
       "    <tr>\n",
       "      <td>4</td>\n",
       "      <td>2019-04-12</td>\n",
       "      <td>933400</td>\n",
       "      <td>1210.000000</td>\n",
       "      <td>1217.869995</td>\n",
       "      <td>1218.349976</td>\n",
       "      <td>1208.109985</td>\n",
       "      <td>1217.869995</td>\n",
       "    </tr>\n",
       "    <tr>\n",
       "      <td>...</td>\n",
       "      <td>...</td>\n",
       "      <td>...</td>\n",
       "      <td>...</td>\n",
       "      <td>...</td>\n",
       "      <td>...</td>\n",
       "      <td>...</td>\n",
       "      <td>...</td>\n",
       "    </tr>\n",
       "    <tr>\n",
       "      <td>3687</td>\n",
       "      <td>2004-08-25</td>\n",
       "      <td>9257400</td>\n",
       "      <td>52.140873</td>\n",
       "      <td>52.657513</td>\n",
       "      <td>53.651051</td>\n",
       "      <td>51.604362</td>\n",
       "      <td>52.657513</td>\n",
       "    </tr>\n",
       "    <tr>\n",
       "      <td>3688</td>\n",
       "      <td>2004-08-24</td>\n",
       "      <td>15361800</td>\n",
       "      <td>55.260582</td>\n",
       "      <td>52.096165</td>\n",
       "      <td>55.439419</td>\n",
       "      <td>51.450363</td>\n",
       "      <td>52.096165</td>\n",
       "    </tr>\n",
       "    <tr>\n",
       "      <td>3689</td>\n",
       "      <td>2004-08-23</td>\n",
       "      <td>18393200</td>\n",
       "      <td>55.017166</td>\n",
       "      <td>54.346527</td>\n",
       "      <td>56.373344</td>\n",
       "      <td>54.172661</td>\n",
       "      <td>54.346527</td>\n",
       "    </tr>\n",
       "    <tr>\n",
       "      <td>3690</td>\n",
       "      <td>2004-08-20</td>\n",
       "      <td>23005800</td>\n",
       "      <td>50.178635</td>\n",
       "      <td>53.805050</td>\n",
       "      <td>54.187561</td>\n",
       "      <td>49.925285</td>\n",
       "      <td>53.805050</td>\n",
       "    </tr>\n",
       "    <tr>\n",
       "      <td>3691</td>\n",
       "      <td>2004-08-19</td>\n",
       "      <td>44994500</td>\n",
       "      <td>49.676899</td>\n",
       "      <td>49.845802</td>\n",
       "      <td>51.693783</td>\n",
       "      <td>47.669952</td>\n",
       "      <td>49.845802</td>\n",
       "    </tr>\n",
       "  </tbody>\n",
       "</table>\n",
       "<p>3692 rows × 7 columns</p>\n",
       "</div>"
      ],
      "text/plain": [
       "            date    volume         open        close         high  \\\n",
       "0     2019-04-18   1331800  1239.180054  1236.369995  1242.000000   \n",
       "1     2019-04-17   1221900  1233.000000  1236.339966  1240.560059   \n",
       "2     2019-04-16    856300  1225.000000  1227.130005  1230.819946   \n",
       "3     2019-04-15   1187400  1218.000000  1221.099976  1224.199951   \n",
       "4     2019-04-12    933400  1210.000000  1217.869995  1218.349976   \n",
       "...          ...       ...          ...          ...          ...   \n",
       "3687  2004-08-25   9257400    52.140873    52.657513    53.651051   \n",
       "3688  2004-08-24  15361800    55.260582    52.096165    55.439419   \n",
       "3689  2004-08-23  18393200    55.017166    54.346527    56.373344   \n",
       "3690  2004-08-20  23005800    50.178635    53.805050    54.187561   \n",
       "3691  2004-08-19  44994500    49.676899    49.845802    51.693783   \n",
       "\n",
       "              low     adjclose  \n",
       "0     1234.609985  1236.369995  \n",
       "1     1227.819946  1236.339966  \n",
       "2     1220.119995  1227.130005  \n",
       "3     1209.109985  1221.099976  \n",
       "4     1208.109985  1217.869995  \n",
       "...           ...          ...  \n",
       "3687    51.604362    52.657513  \n",
       "3688    51.450363    52.096165  \n",
       "3689    54.172661    54.346527  \n",
       "3690    49.925285    53.805050  \n",
       "3691    47.669952    49.845802  \n",
       "\n",
       "[3692 rows x 7 columns]"
      ]
     },
     "execution_count": 7,
     "metadata": {},
     "output_type": "execute_result"
    }
   ],
   "source": [
    "googc"
   ]
  },
  {
   "cell_type": "code",
   "execution_count": 8,
   "metadata": {},
   "outputs": [],
   "source": [
    "googc = googc.sort_values(by=['date'])"
   ]
  },
  {
   "cell_type": "code",
   "execution_count": 9,
   "metadata": {},
   "outputs": [
    {
     "data": {
      "text/html": [
       "<div>\n",
       "<style scoped>\n",
       "    .dataframe tbody tr th:only-of-type {\n",
       "        vertical-align: middle;\n",
       "    }\n",
       "\n",
       "    .dataframe tbody tr th {\n",
       "        vertical-align: top;\n",
       "    }\n",
       "\n",
       "    .dataframe thead th {\n",
       "        text-align: right;\n",
       "    }\n",
       "</style>\n",
       "<table border=\"1\" class=\"dataframe\">\n",
       "  <thead>\n",
       "    <tr style=\"text-align: right;\">\n",
       "      <th></th>\n",
       "      <th>date</th>\n",
       "      <th>volume</th>\n",
       "      <th>open</th>\n",
       "      <th>close</th>\n",
       "      <th>high</th>\n",
       "      <th>low</th>\n",
       "      <th>adjclose</th>\n",
       "    </tr>\n",
       "  </thead>\n",
       "  <tbody>\n",
       "    <tr>\n",
       "      <td>3691</td>\n",
       "      <td>2004-08-19</td>\n",
       "      <td>44994500</td>\n",
       "      <td>49.676899</td>\n",
       "      <td>49.845802</td>\n",
       "      <td>51.693783</td>\n",
       "      <td>47.669952</td>\n",
       "      <td>49.845802</td>\n",
       "    </tr>\n",
       "    <tr>\n",
       "      <td>3690</td>\n",
       "      <td>2004-08-20</td>\n",
       "      <td>23005800</td>\n",
       "      <td>50.178635</td>\n",
       "      <td>53.805050</td>\n",
       "      <td>54.187561</td>\n",
       "      <td>49.925285</td>\n",
       "      <td>53.805050</td>\n",
       "    </tr>\n",
       "    <tr>\n",
       "      <td>3689</td>\n",
       "      <td>2004-08-23</td>\n",
       "      <td>18393200</td>\n",
       "      <td>55.017166</td>\n",
       "      <td>54.346527</td>\n",
       "      <td>56.373344</td>\n",
       "      <td>54.172661</td>\n",
       "      <td>54.346527</td>\n",
       "    </tr>\n",
       "    <tr>\n",
       "      <td>3688</td>\n",
       "      <td>2004-08-24</td>\n",
       "      <td>15361800</td>\n",
       "      <td>55.260582</td>\n",
       "      <td>52.096165</td>\n",
       "      <td>55.439419</td>\n",
       "      <td>51.450363</td>\n",
       "      <td>52.096165</td>\n",
       "    </tr>\n",
       "    <tr>\n",
       "      <td>3687</td>\n",
       "      <td>2004-08-25</td>\n",
       "      <td>9257400</td>\n",
       "      <td>52.140873</td>\n",
       "      <td>52.657513</td>\n",
       "      <td>53.651051</td>\n",
       "      <td>51.604362</td>\n",
       "      <td>52.657513</td>\n",
       "    </tr>\n",
       "    <tr>\n",
       "      <td>...</td>\n",
       "      <td>...</td>\n",
       "      <td>...</td>\n",
       "      <td>...</td>\n",
       "      <td>...</td>\n",
       "      <td>...</td>\n",
       "      <td>...</td>\n",
       "      <td>...</td>\n",
       "    </tr>\n",
       "    <tr>\n",
       "      <td>4</td>\n",
       "      <td>2019-04-12</td>\n",
       "      <td>933400</td>\n",
       "      <td>1210.000000</td>\n",
       "      <td>1217.869995</td>\n",
       "      <td>1218.349976</td>\n",
       "      <td>1208.109985</td>\n",
       "      <td>1217.869995</td>\n",
       "    </tr>\n",
       "    <tr>\n",
       "      <td>3</td>\n",
       "      <td>2019-04-15</td>\n",
       "      <td>1187400</td>\n",
       "      <td>1218.000000</td>\n",
       "      <td>1221.099976</td>\n",
       "      <td>1224.199951</td>\n",
       "      <td>1209.109985</td>\n",
       "      <td>1221.099976</td>\n",
       "    </tr>\n",
       "    <tr>\n",
       "      <td>2</td>\n",
       "      <td>2019-04-16</td>\n",
       "      <td>856300</td>\n",
       "      <td>1225.000000</td>\n",
       "      <td>1227.130005</td>\n",
       "      <td>1230.819946</td>\n",
       "      <td>1220.119995</td>\n",
       "      <td>1227.130005</td>\n",
       "    </tr>\n",
       "    <tr>\n",
       "      <td>1</td>\n",
       "      <td>2019-04-17</td>\n",
       "      <td>1221900</td>\n",
       "      <td>1233.000000</td>\n",
       "      <td>1236.339966</td>\n",
       "      <td>1240.560059</td>\n",
       "      <td>1227.819946</td>\n",
       "      <td>1236.339966</td>\n",
       "    </tr>\n",
       "    <tr>\n",
       "      <td>0</td>\n",
       "      <td>2019-04-18</td>\n",
       "      <td>1331800</td>\n",
       "      <td>1239.180054</td>\n",
       "      <td>1236.369995</td>\n",
       "      <td>1242.000000</td>\n",
       "      <td>1234.609985</td>\n",
       "      <td>1236.369995</td>\n",
       "    </tr>\n",
       "  </tbody>\n",
       "</table>\n",
       "<p>3692 rows × 7 columns</p>\n",
       "</div>"
      ],
      "text/plain": [
       "            date    volume         open        close         high  \\\n",
       "3691  2004-08-19  44994500    49.676899    49.845802    51.693783   \n",
       "3690  2004-08-20  23005800    50.178635    53.805050    54.187561   \n",
       "3689  2004-08-23  18393200    55.017166    54.346527    56.373344   \n",
       "3688  2004-08-24  15361800    55.260582    52.096165    55.439419   \n",
       "3687  2004-08-25   9257400    52.140873    52.657513    53.651051   \n",
       "...          ...       ...          ...          ...          ...   \n",
       "4     2019-04-12    933400  1210.000000  1217.869995  1218.349976   \n",
       "3     2019-04-15   1187400  1218.000000  1221.099976  1224.199951   \n",
       "2     2019-04-16    856300  1225.000000  1227.130005  1230.819946   \n",
       "1     2019-04-17   1221900  1233.000000  1236.339966  1240.560059   \n",
       "0     2019-04-18   1331800  1239.180054  1236.369995  1242.000000   \n",
       "\n",
       "              low     adjclose  \n",
       "3691    47.669952    49.845802  \n",
       "3690    49.925285    53.805050  \n",
       "3689    54.172661    54.346527  \n",
       "3688    51.450363    52.096165  \n",
       "3687    51.604362    52.657513  \n",
       "...           ...          ...  \n",
       "4     1208.109985  1217.869995  \n",
       "3     1209.109985  1221.099976  \n",
       "2     1220.119995  1227.130005  \n",
       "1     1227.819946  1236.339966  \n",
       "0     1234.609985  1236.369995  \n",
       "\n",
       "[3692 rows x 7 columns]"
      ]
     },
     "execution_count": 9,
     "metadata": {},
     "output_type": "execute_result"
    }
   ],
   "source": [
    "googc"
   ]
  },
  {
   "cell_type": "code",
   "execution_count": 10,
   "metadata": {},
   "outputs": [
    {
     "data": {
      "text/plain": [
       "[<matplotlib.lines.Line2D at 0x7f551f9fbd30>]"
      ]
     },
     "execution_count": 10,
     "metadata": {},
     "output_type": "execute_result"
    },
    {
     "data": {
